46 96 0.908 0.920551643442 0.908 0.910156503713
81 96 0.904 0.916514053023 0.904 0.906154538632
36 26 0.897 0.911056877032 0.897 0.89926906269
6 36 0.89 0.901223421067 0.89 0.891735087151
21 96 0.902 0.915255631834 0.902 0.904308592946
31 96 0.91 0.920991001446 0.91 0.911858028567
16 36 0.899 0.912444129838 0.899 0.900973263792
16 96 0.902 0.913801364661 0.902 0.903712484681
41 96 0.903 0.915991012825 0.903 0.905149570109
61 26 0.901 0.913631625409 0.901 0.903069424816
91 26 0.901 0.913416577936 0.901 0.903201522563
91 96 0.905 0.917363430549 0.905 0.907154094988
26 96 0.904 0.916029395752 0.904 0.905924599687
56 26 0.895 0.908971179443 0.895 0.897166560053
46 26 0.899 0.913506063807 0.899 0.901306520438
71 96 0.906 0.917889096432 0.906 0.907992720575
51 26 0.896 0.910427416856 0.896 0.898423007317
41 26 0.899 0.913964778994 0.899 0.90172117451
71 26 0.9 0.914064636098 0.9 0.902298175606
51 96 0.904 0.915726019711 0.904 0.905909563081
96 26 0.901 0.913473531658 0.901 0.902998778425
96 96 0.908 0.919734588689 0.908 0.910086050982
76 96 0.904 0.916514053023 0.904 0.906154538632
86 96 0.905 0.9173451963 0.905 0.907029408372
61 96 0.906 0.917639419813 0.906 0.907857450846
11 96 0.914 0.924849546592 0.914 0.915977907682
6 96 0.894 0.904501884533 0.894 0.895504751034
26 36 0.906 0.918152021331 0.906 0.908061446003
11 36 0.904 0.916415432697 0.904 0.906271964798
21 36 0.899 0.91222757644 0.899 0.901386315528
76 26 0.903 0.916533935687 0.903 0.90529677144
1 46 0.538 0.531375370472 0.538 0.52123405841
31 26 0.905 0.916765031281 0.905 0.906979261501
86 26 0.901 0.914343482542 0.901 0.903279878134
66 96 0.905 0.917569238734 0.905 0.907112375697
66 26 0.9 0.913549353108 0.9 0.902374019451
56 96 0.906 0.918000659254 0.906 0.90795411797
36 96 0.907 0.918222757911 0.907 0.908896121905
81 26 0.9 0.912108594651 0.9 0.902042442044
