46 96 0.155 0.107029824561 0.155 0.0687660050482
81 96 0.081 0.0943694558971 0.081 0.0264217725613
36 26 0.118 0.0313741258741 0.118 0.0410990868936
6 36 0.07 0.0348624469134 0.07 0.0446487279899
21 96 0.113 0.108050241943 0.113 0.0603311140159
31 96 0.1 0.0164072907291 0.1 0.0231709904475
16 36 0.071 0.0406917813382 0.071 0.0344865826182
16 96 0.096 0.0667053796629 0.096 0.0454270571174
41 96 0.101 0.0169478021978 0.101 0.0233955627475
61 26 0.116 0.0295251884648 0.116 0.0393212999762
91 26 0.115 0.0372584245042 0.115 0.0408419170206
91 96 0.071 0.0213572990705 0.071 0.0242730191157
26 96 0.095 0.0311881996603 0.095 0.0275885527787
56 26 0.116 0.0297309705187 0.116 0.0394920293951
46 26 0.067 0.0154962168979 0.067 0.0196633322759
71 96 0.161 0.0440756781193 0.161 0.0652276640851
51 26 0.113 0.0279727227924 0.113 0.0370258957592
41 26 0.118 0.0311000353482 0.118 0.0410058489258
71 26 0.151 0.0510934422487 0.151 0.0663981207308
51 96 0.074 0.0800696249813 0.074 0.0247885365854
96 26 0.116 0.0382924046542 0.116 0.0411813330837
96 96 0.111 0.0124203629032 0.111 0.0223408884859
76 96 0.154 0.0446193787249 0.154 0.0629143410511
86 96 0.071 0.0549219190141 0.071 0.0250160068328
61 96 0.072 0.0249934503497 0.072 0.0266361938178
11 96 0.1 0.0443982721628 0.1 0.0441562901995
6 96 0.069 0.0345870279255 0.069 0.0375968383894
26 36 0.073 0.0319912796267 0.073 0.0252007450557
11 36 0.096 0.0408912140639 0.096 0.0397274665614
21 36 0.113 0.07693803938 0.113 0.0546200578135
76 26 0.112 0.0284951790327 0.112 0.0371654032178
1 46 0.144 0.274742453646 0.144 0.141896675123
31 26 0.115 0.031311045235 0.115 0.0400148220619
86 26 0.114 0.0284977456792 0.114 0.0377812057025
66 96 0.104 0.0873648399015 0.104 0.0317534259965
66 26 0.116 0.0302165006858 0.116 0.0400651534258
56 96 0.094 0.031179208944 0.094 0.0275823685471
36 96 0.097 0.0164856828194 0.097 0.0225667960916
81 26 0.116 0.0312916684125 0.116 0.0405700536296
