46 96 0.064 0.0182358928935 0.064 0.0233188705971
81 96 0.1 0.0829174074718 0.1 0.0396316827437
36 26 0.089 0.0702007168459 0.089 0.0263856164584
6 36 0.14 0.0779705994215 0.14 0.083656419256
21 96 0.112 0.0999281384235 0.112 0.0519178279619
31 96 0.095 0.0459510097921 0.095 0.0268880904982
16 36 0.108 0.107701194096 0.108 0.0464302212382
16 96 0.103 0.129656603837 0.103 0.046075378046
41 96 0.095 0.0743779340196 0.095 0.0280136596981
61 26 0.089 0.0145062269512 0.089 0.0235196558374
91 26 0.103 0.158988860831 0.103 0.0370358260622
91 96 0.07 0.018958358451 0.07 0.0237492054124
26 96 0.081 0.0384845633167 0.081 0.0308899824604
56 26 0.088 0.0137994011976 0.088 0.0226744186047
46 26 0.1 0.120814777381 0.1 0.0470424252609
71 96 0.093 0.0480984633467 0.093 0.0463698100858
51 26 0.097 0.07385663912 0.097 0.0331668599564
41 26 0.089 0.0672412457451 0.089 0.0251154251715
71 26 0.101 0.159190638244 0.101 0.0422739543369
51 96 0.07 0.0523665862529 0.07 0.0273568045663
96 26 0.101 0.0601658449575 0.101 0.0347194337108
96 96 0.095 0.013514037187 0.095 0.021939720971
76 96 0.097 0.0479879398135 0.097 0.032013102634
86 96 0.069 0.0670436201008 0.069 0.0258549156973
61 96 0.069 0.0191909077546 0.069 0.0240768746169
11 96 0.101 0.11305208222 0.101 0.0473089489377
6 96 0.125 0.119814208635 0.125 0.0704547094076
26 36 0.067 0.132772639677 0.067 0.0340924668916
11 36 0.102 0.0595536032595 0.102 0.047572076439
21 36 0.118 0.0816254168917 0.118 0.0576028670182
76 26 0.091 0.113304312561 0.091 0.0256055885952
1 46 0.13 0.212677216939 0.13 0.0759401451057
31 26 0.087 0.0120469461255 0.087 0.0207273093502
86 26 0.091 0.111041071429 0.091 0.0250423632901
66 96 0.103 0.0755663077665 0.103 0.0294339594169
66 26 0.089 0.122527629234 0.089 0.0258914047935
56 96 0.086 0.0168849449488 0.086 0.0231940931876
36 96 0.09 0.0734435009956 0.09 0.0268305577536
81 26 0.087 0.112863473444 0.087 0.0247855842341
