46 96 0.089 0.0142525691128 0.089 0.0234115132516
81 96 0.068 0.0109179898211 0.068 0.0180190409145
36 26 0.105 0.0347094665823 0.105 0.0420514899789
6 36 0.144 0.0833636455331 0.144 0.0728712223996
21 96 0.096 0.0772666345721 0.096 0.0324091000115
31 96 0.092 0.0145934186936 0.092 0.0229963571118
16 36 0.107 0.0636186676992 0.107 0.0496388873922
16 96 0.1 0.0627749941233 0.1 0.0413660066005
41 96 0.093 0.0157350768767 0.093 0.024104188753
61 26 0.106 0.0325260869565 0.106 0.0413180839089
91 26 0.098 0.129790922619 0.098 0.0279509512421
91 96 0.069 0.0124984426806 0.069 0.0201802054155
26 96 0.078 0.0320927695452 0.078 0.0267483374022
56 26 0.104 0.0307359242339 0.104 0.0394112441437
46 26 0.103 0.109999905838 0.103 0.0391645506837
71 96 0.139 0.0537895348837 0.139 0.0656427020815
51 26 0.112 0.0912288533472 0.112 0.0496309110319
41 26 0.103 0.0299378665431 0.103 0.0388333028864
71 26 0.128 0.0608346287858 0.128 0.0607247699327
51 96 0.068 0.0128685372005 0.068 0.020684040798
96 26 0.097 0.032790922619 0.097 0.0259713594054
96 96 0.103 0.0152965561224 0.103 0.024999048114
76 96 0.132 0.0690829562594 0.132 0.0662138861468
86 96 0.068 0.0125793088879 0.068 0.020301398792
61 96 0.069 0.012744658555 0.069 0.0205427631579
11 96 0.093 0.0507326692976 0.093 0.0383747766977
6 96 0.127 0.131789496766 0.127 0.0630619138862
26 36 0.074 0.0368210252992 0.074 0.0370167354064
11 36 0.096 0.0613113557004 0.096 0.0428921922383
21 36 0.097 0.0623863451363 0.097 0.0340198190277
76 26 0.108 0.131702464706 0.108 0.0433105103674
1 46 0.12 0.0797500231103 0.12 0.0499786052138
31 26 0.104 0.0318720799872 0.104 0.0393816521202
86 26 0.106 0.127806623723 0.106 0.041187353649
66 96 0.105 0.0183223995008 0.105 0.0288643851243
66 26 0.108 0.0362595205269 0.108 0.0437182726046
56 96 0.087 0.0165744462088 0.087 0.0243576250304
36 96 0.087 0.0148623450323 0.087 0.0227551156351
81 26 0.107 0.130724169989 0.107 0.0428002620883
