26 21 0.105 0.0391902754779 0.105 0.0252971883093
41 71 0.102 0.0595032119914 0.102 0.0234152222167
21 16 0.083 0.0277026940858 0.083 0.0234850383896
86 71 0.094 0.0593846982759 0.094 0.0250941812983
36 81 0.103 0.110990374332 0.103 0.0253566141112
81 91 0.113 0.0960249662618 0.113 0.028000200182
51 41 0.158 0.043208068839 0.158 0.0656100387783
86 41 0.144 0.0454049256297 0.144 0.0641268287515
16 51 0.094 0.0850439528539 0.094 0.0311784204308
76 76 0.142 0.0465134983428 0.142 0.064281790992
76 41 0.145 0.0459490432768 0.145 0.0648315906563
96 86 0.111 0.0124328960646 0.111 0.0223611615245
26 71 0.153 0.0647135712404 0.153 0.072243380607
81 36 0.152 0.079929428823 0.152 0.0699849843921
6 81 0.116 0.049114451861 0.116 0.062290083248
21 91 0.126 0.105720601219 0.126 0.0707997937244
86 11 0.083 0.0233835987401 0.083 0.0230093062363
56 41 0.096 0.0596118210863 0.096 0.0237158698727
11 21 0.119 0.0638392824221 0.119 0.0614467704378
46 96 0.17 0.107377950975 0.17 0.0721539753654
16 31 0.086 0.0207101169009 0.086 0.0235523016142
51 46 0.162 0.139928872856 0.162 0.0695451900481
66 1 0.142 0.228876081121 0.142 0.0728389090722
86 76 0.095 0.0662898617512 0.095 0.0268678785192
31 36 0.1 0.11722696848 0.1 0.0274637978142
41 21 0.098 0.0117727272727 0.098 0.0210202898551
91 41 0.159 0.0434616213305 0.159 0.0661072412418
41 11 0.112 0.0223069649559 0.112 0.0257674335863
51 71 0.097 0.0693474358974 0.097 0.0256371144446
96 41 0.111 0.0123953722334 0.111 0.0223004524887
31 76 0.102 0.0594647812166 0.102 0.0233538010545
36 66 0.101 0.0376471061093 0.101 0.023189601461
31 61 0.103 0.201990374332 0.103 0.025394279796
26 81 0.152 0.0664403531201 0.152 0.0708214496576
76 31 0.152 0.145210108026 0.152 0.0704467767061
56 91 0.1 0.0226016908213 0.1 0.0244757559145
6 16 0.132 0.0561635000448 0.132 0.0629818366459
46 51 0.164 0.0905322851967 0.164 0.06694164071
81 31 0.15 0.0971854747975 0.15 0.0695094370269
76 71 0.142 0.0449993630573 0.142 0.0633067280359
61 91 0.11 0.0123582995951 0.11 0.022220200182
66 11 0.086 0.0223048931012 0.086 0.0224963345461
31 16 0.106 0.0601162790698 0.106 0.0330270440734
91 51 0.112 0.0511582995951 0.112 0.0260241217506
81 46 0.148 0.0964652173913 0.148 0.0690276209642
51 61 0.097 0.0758966986155 0.097 0.0239657142857
11 6 0.098 0.127611727888 0.098 0.0447399117646
81 96 0.113 0.0960124705089 0.113 0.02798
66 31 0.156 0.143964294979 0.156 0.0715153273762
86 1 0.143 0.447301731898 0.143 0.0748576293452
66 86 0.114 0.0678497311437 0.114 0.029783293489
6 41 0.118 0.050734195942 0.118 0.0642618918926
11 76 0.104 0.0480196234812 0.104 0.0432534191011
26 16 0.131 0.114060548115 0.131 0.0691213489479
46 56 0.168 0.0917713888017 0.168 0.0689315600038
16 81 0.094 0.0397085642995 0.094 0.0310713746587
11 66 0.106 0.0506700487859 0.106 0.0456535460161
86 61 0.094 0.0497453376206 0.094 0.0233671399594
51 86 0.096 0.0597193548387 0.096 0.0238876936685
36 41 0.1 0.0236422131148 0.1 0.02577822006
66 46 0.112 0.0921916329285 0.112 0.0261189630686
71 66 0.161 0.0437218766239 0.161 0.0666605949876
91 86 0.11 0.0123708206687 0.11 0.0222404371585
61 31 0.168 0.0932349228612 0.168 0.0714167582246
76 36 0.162 0.0751415336879 0.162 0.0683759148702
66 36 0.113 0.0925374873354 0.113 0.0280207968271
86 16 0.106 0.0843717948718 0.106 0.0349343959409
41 66 0.101 0.0530161290323 0.101 0.0249272067457
86 21 0.105 0.0122684210526 0.105 0.0219698397738
6 11 0.145 0.0750721104838 0.145 0.0840406999101
81 1 0.126 0.182675117454 0.126 0.0466237170815
36 26 0.121 0.0323486737328 0.121 0.0429381807529
1 6 0.341 0.316589670198 0.341 0.308321495823
6 66 0.118 0.0731185201371 0.118 0.0650886968324
16 1 0.3 0.354622359517 0.3 0.291567779789
6 86 0.116 0.0492863745119 0.116 0.0624017223356
66 91 0.113 0.0705959390863 0.113 0.0279869042508
61 36 0.113 0.155833333333 0.113 0.0280005873373
6 36 0.116 0.0856259294835 0.116 0.068117693701
51 51 0.099 0.0600278372591 0.099 0.024448282723
66 51 0.111 0.0446916329285 0.111 0.024160200182
21 96 0.122 0.0968228474658 0.122 0.0650165150063
76 86 0.141 0.0451938053097 0.141 0.062877076412
91 81 0.11 0.0123582995951 0.11 0.022220200182
21 46 0.124 0.0870714309832 0.124 0.0657150805206
56 46 0.096 0.170742846924 0.096 0.0256539892937
96 31 0.168 0.0704857993515 0.168 0.0721259552961
51 11 0.08 0.021830410503 0.08 0.0214989897218
36 86 0.103 0.11104189044 0.103 0.0254389018136
31 96 0.102 0.0595418904404 0.102 0.0234769970517
46 11 0.084 0.0244722006322 0.084 0.0234224419489
91 91 0.11 0.0123708206687 0.11 0.0222404371585
56 6 0.095 0.0751545453128 0.095 0.0327389793791
71 81 0.161 0.0433709589041 0.161 0.0664143064944
16 36 0.074 0.0488302245051 0.074 0.0301301572668
46 1 0.207 0.331914128154 0.207 0.171217828296
46 91 0.169 0.115771883289 0.169 0.070668476014
16 91 0.09 0.0361025233645 0.09 0.0289701682875
46 31 0.166 0.165963102035 0.166 0.0739276865684
36 91 0.102 0.110922663802 0.102 0.0252258499902
41 16 0.105 0.0600477707006 0.105 0.0328952028952
41 51 0.102 0.110922663802 0.102 0.0252258499902
36 61 0.102 0.0377403743316 0.102 0.0233611801076
46 21 0.108 0.044 0.108 0.0275546328671
31 86 0.102 0.0595418904404 0.102 0.0234769970517
26 91 0.155 0.157721896071 0.155 0.073767884415
16 96 0.092 0.0406404892903 0.092 0.0307949696829
26 56 0.151 0.0634577563623 0.151 0.0707622638859
81 51 0.146 0.047768964262 0.146 0.0663993841138
41 96 0.102 0.0595548387097 0.102 0.0234976677857
31 11 0.09 0.0243363466781 0.09 0.0226796354197
56 71 0.097 0.0169088888889 0.097 0.0222583850932
56 21 0.096 0.0136168831169 0.096 0.021752698119
26 61 0.15 0.161765214974 0.15 0.0720335622254
1 96 0.089 0.130382720293 0.089 0.0451015954715
31 6 0.092 0.0874581450923 0.092 0.040600852132
91 36 0.156 0.0738386438332 0.156 0.0662740811695
71 41 0.16 0.0436191459437 0.16 0.0663794162114
1 76 0.104 0.219564858621 0.104 0.0437392676658
96 61 0.111 0.0123953722334 0.111 0.0223004524887
1 36 0.162 0.195732680774 0.162 0.0933198788997
41 31 0.105 0.0437799930045 0.105 0.0236380236305
11 71 0.105 0.067455535913 0.105 0.046942244205
1 51 0.153 0.0643774990721 0.153 0.085700443661
61 26 0.12 0.0304939347792 0.12 0.0415775059848
21 31 0.086 0.03611 0.086 0.0221568155693
26 1 0.263 0.37520192722 0.263 0.254243046996
91 26 0.114 0.0332097416638 0.114 0.038694740647
61 1 0.155 0.414710393238 0.155 0.098865707066
86 6 0.095 0.0634545434659 0.095 0.0325513076666
51 6 0.109 0.126063734015 0.109 0.0493243919886
31 66 0.102 0.0594903743316 0.102 0.0233947093493
6 1 0.354 0.325560201626 0.354 0.323470922184
16 86 0.092 0.0357150103222 0.092 0.0293590209876
91 96 0.11 0.0123582995951 0.11 0.022220200182
6 21 0.143 0.0600715335496 0.143 0.0713957528764
26 96 0.154 0.0736511130768 0.154 0.0747900023993
86 31 0.152 0.0804577066879 0.152 0.0696950795428
61 41 0.11 0.0123084677419 0.11 0.0221396192203
76 11 0.112 0.0223069649559 0.112 0.0257674335863
31 81 0.102 0.0594647812166 0.102 0.0233538010545
51 56 0.096 0.0758499464094 0.096 0.0238685057471
51 36 0.161 0.0747746212121 0.161 0.0678470756724
56 81 0.097 0.0155991503977 0.097 0.0222344771307
71 86 0.163 0.0438624774142 0.163 0.0672144745377
56 26 0.12 0.0306882109068 0.12 0.0417516887221
31 91 0.102 0.0595418904404 0.102 0.0234769970517
91 61 0.11 0.0123458038423 0.11 0.0222
76 61 0.141 0.0449596167144 0.141 0.0626459764744
26 51 0.09 0.0359733365804 0.09 0.0293300399056
86 81 0.094 0.0497219251337 0.094 0.0233297341881
46 16 0.111 0.0606006289308 0.111 0.0339131074737
96 91 0.111 0.0124203629032 0.111 0.0223408884859
91 1 0.123 0.167172208014 0.123 0.0421879007824
86 56 0.093 0.0496964401294 0.093 0.0232663493143
86 36 0.149 0.0778808526837 0.149 0.0678224150553
96 1 0.129 0.167601440419 0.129 0.0535403221633
21 51 0.12 0.0827616607727 0.12 0.0609459089056
1 91 0.096 0.131202839657 0.096 0.051132648793
46 26 0.093 0.0112943107221 0.093 0.0201424390244
16 76 0.096 0.0402940115777 0.096 0.0313175188027
71 36 0.16 0.0746929848253 0.16 0.0675156274223
96 21 0.095 0.0128760196825 0.095 0.0215618330793
41 61 0.102 0.127982795699 0.102 0.0269579472703
71 96 0.162 0.0437510958904 0.162 0.0669651749807
56 1 0.202 0.304865890441 0.202 0.17548179853
61 16 0.106 0.0602153518124 0.106 0.0331856165031
71 56 0.161 0.0441375855437 0.161 0.0671223146715
56 11 0.087 0.0238570737697 0.087 0.0237349237985
21 61 0.123 0.0964769031207 0.123 0.0663532923901
96 36 0.154 0.0783519209883 0.154 0.0696900214156
51 26 0.117 0.0285402744149 0.117 0.0391289009857
46 71 0.169 0.11533017328 0.169 0.0702426100988
71 21 0.104 0.0121772151899 0.104 0.0218016997167
41 26 0.122 0.0322849705391 0.122 0.0433648084351
51 31 0.17 0.13540649789 0.17 0.0746969112524
66 81 0.111 0.0608458038423 0.111 0.0241595959596
81 56 0.112 0.128308467742 0.112 0.026019211057
1 1 0.092 0.0178022323433 0.092 0.0298019480972
61 11 0.082 0.0229695238095 0.082 0.0226575560146
86 46 0.163 0.139742628883 0.163 0.0695850006233
61 86 0.11 0.0123582995951 0.11 0.022220200182
51 21 0.108 0.0123206577595 0.108 0.0221180811808
21 1 0.276 0.316731995622 0.276 0.271747770215
31 71 0.103 0.059583244397 0.103 0.0235656331156
76 81 0.143 0.0462303445302 0.143 0.0643594358825
71 6 0.093 0.0910252463886 0.093 0.0332089448278
81 81 0.114 0.104108299595 0.114 0.0298825764196
71 91 0.164 0.0443717822784 0.164 0.0678233886839
21 56 0.119 0.099026124026 0.119 0.0618977523429
71 26 0.159 0.0498065190652 0.159 0.0679780899513
51 96 0.099 0.0760966029724 0.099 0.0243301424501
71 61 0.161 0.043862510371 0.161 0.0668623456411
66 66 0.111 0.0446916329285 0.111 0.024160200182
51 66 0.099 0.0760844821492 0.099 0.024310740038
46 36 0.178 0.13486477099 0.178 0.0761054376621
96 51 0.111 0.0123953722334 0.111 0.0223004524887
81 66 0.112 0.128308467742 0.112 0.026019211057
86 91 0.096 0.0499832797428 0.096 0.0237924273158
46 41 0.165 0.100060060764 0.165 0.0687784074568
81 11 0.082 0.023128732409 0.082 0.0228058275107
36 36 0.102 0.138040643694 0.102 0.0312859195402
16 71 0.095 0.0409777785146 0.095 0.0312058473064
11 26 0.097 0.0591433947316 0.097 0.0382690266104
76 16 0.105 0.0632365384615 0.105 0.0344244781007
41 36 0.101 0.0907738095238 0.101 0.0311358457972
31 1 0.239 0.350849773064 0.239 0.220437942561
51 91 0.099 0.0761331203408 0.099 0.0243885714286
31 51 0.103 0.201952025586 0.103 0.02533297585
66 76 0.112 0.0770249662618 0.112 0.026100200182
76 6 0.098 0.0853061013465 0.098 0.0406043252289
21 81 0.122 0.0830234039832 0.122 0.0630875149015
1 16 0.202 0.358198082074 0.202 0.142760055188
71 16 0.107 0.0629747360483 0.107 0.0360951591012
26 6 0.091 0.0905448008287 0.091 0.043550866568
56 31 0.162 0.0928109077205 0.162 0.0695125200521
91 56 0.11 0.0123458038423 0.11 0.0222
41 81 0.1 0.0592781350482 0.1 0.0230104870245
96 66 0.111 0.0123953722334 0.111 0.0223004524887
66 16 0.106 0.0688905222437 0.106 0.034730815973
6 91 0.115 0.0488131736649 0.115 0.0624029380912
76 56 0.142 0.0458171835642 0.142 0.0637486940747
6 71 0.117 0.0493411863169 0.117 0.0629876918386
21 11 0.073 0.0345167885829 0.073 0.02544387601
26 86 0.154 0.0662518991996 0.154 0.0726712953916
96 26 0.115 0.033891092066 0.115 0.0391494699575
36 1 0.161 0.343924058858 0.161 0.146281758096
66 41 0.112 0.0608708206687 0.112 0.0260820213169
21 21 0.079 0.0208460263949 0.079 0.0240727984531
46 81 0.168 0.0915632109665 0.168 0.0670640687284
96 96 0.111 0.0124078549849 0.111 0.0223206521739
26 46 0.087 0.038751764186 0.087 0.0287810853489
46 6 0.097 0.0933145560398 0.097 0.0385740935821
36 31 0.101 0.106821086262 0.101 0.0231220238095
46 46 0.17 0.14972739213 0.17 0.073425016444
11 86 0.107 0.057882384824 0.107 0.0462644396533
26 31 0.134 0.10096179412 0.134 0.0708946394437
11 1 0.354 0.37333845475 0.354 0.345851690196
21 71 0.121 0.090288320017 0.121 0.0629496311777
16 16 0.094 0.0304185224461 0.094 0.0294214637275
91 6 0.099 0.0654429504231 0.099 0.0359196021165
1 71 0.128 0.136006523292 0.128 0.0565876657224
71 71 0.161 0.0434569760431 0.161 0.066496447651
11 41 0.106 0.0561959826129 0.106 0.0458846860654
76 96 0.14 0.0444575582445 0.14 0.0622824533495
56 51 0.097 0.0169088888889 0.097 0.0222583850932
86 96 0.096 0.0499593582888 0.096 0.0237542083755
16 56 0.092 0.0360566317016 0.092 0.0293738442637
36 71 0.103 0.110990374332 0.103 0.0253566141112
71 1 0.141 0.44840982787 0.141 0.0646907764209
61 96 0.11 0.0123458038423 0.11 0.0222
31 56 0.102 0.0595160771704 0.102 0.0234357743809
11 61 0.107 0.0553434618881 0.107 0.0466585270163
1 31 0.17 0.221593029801 0.17 0.135249523903
96 76 0.11 0.0123084677419 0.11 0.0221396192203
16 61 0.094 0.0394110386611 0.094 0.0310283652898
96 16 0.105 0.0600723404255 0.105 0.0329345196767
1 21 0.188 0.218820323382 0.188 0.116403346413
16 66 0.091 0.0396257945885 0.091 0.0303739276486
1 61 0.122 0.255287317013 0.122 0.0654396602237
71 46 0.166 0.0927571313579 0.166 0.0706372644859
6 31 0.135 0.0588598343125 0.135 0.0744483836985
51 1 0.132 0.238210330787 0.132 0.111230892931
61 21 0.096 0.0139242727627 0.096 0.021842733899
61 56 0.11 0.0123084677419 0.11 0.0221396192203
51 81 0.098 0.0598241232731 0.098 0.0241001392915
61 76 0.11 0.0123708206687 0.11 0.0222404371585
61 71 0.111 0.109345803842 0.111 0.0241795918367
91 46 0.113 0.146158299595 0.113 0.0280032884173
41 91 0.101 0.110841594828 0.101 0.0250736994098
36 11 0.113 0.0561607542346 0.113 0.0485952129337
61 81 0.11 0.0123458038423 0.11 0.0222
6 76 0.119 0.0505058148929 0.119 0.0644087092878
11 96 0.108 0.0883152825269 0.108 0.0486946750772
21 41 0.12 0.0742749096589 0.12 0.059635474608
66 21 0.098 0.011747300216 0.098 0.0209797492768
71 11 0.111 0.0222187545788 0.111 0.025604348601
31 46 0.102 0.11924097755 0.102 0.0279525322841
36 46 0.104 0.253452025586 0.104 0.0272948806119
11 11 0.081 0.0655327568879 0.081 0.0522120692387
6 46 0.119 0.0514524331349 0.119 0.0651156959306
1 86 0.141 0.153200769978 0.141 0.0688321249652
61 61 0.11 0.0123084677419 0.11 0.0221396192203
11 81 0.105 0.0501650891754 0.105 0.0440527036838
86 51 0.094 0.0498280777538 0.094 0.0234991963999
6 96 0.12 0.0519755517606 0.12 0.0658144874564
86 66 0.096 0.0499355389541 0.096 0.0237161353091
91 11 0.088 0.0282807515412 0.088 0.0253951206419
76 1 0.129 0.324071950873 0.129 0.0510388351367
81 76 0.115 0.10898336714 0.115 0.0317685541673
1 56 0.106 0.136605236602 0.106 0.0576305477386
11 56 0.107 0.0557924630542 0.107 0.0468044421541
1 26 0.184 0.269566029871 0.184 0.131092582711
56 36 0.158 0.0734238344888 0.158 0.0662380799588
96 46 0.111 0.0360584677419 0.111 0.0240588111395
91 71 0.11 0.01238336714 0.11 0.0222607110301
66 61 0.111 0.044704154002 0.111 0.0241804371585
76 66 0.141 0.044868971278 0.141 0.0628896103896
61 46 0.111 0.0598084677419 0.111 0.0240983821069
76 51 0.146 0.0474159451659 0.146 0.0661233749387
71 51 0.161 0.0438806342173 0.161 0.0668893625266
26 36 0.095 0.120644671884 0.095 0.0277085908114
11 36 0.107 0.0554410553796 0.107 0.0466058061045
11 46 0.106 0.0553897857638 0.106 0.0460759640626
11 31 0.108 0.0557411185155 0.108 0.0477796265982
81 86 0.113 0.0960249662618 0.113 0.028000200182
51 76 0.097 0.0693355389541 0.097 0.0256180960934
96 56 0.11 0.0122960725076 0.11 0.0221195652174
21 86 0.121 0.0978028846154 0.121 0.0642572636855
61 66 0.11 0.0123084677419 0.11 0.0221396192203
11 91 0.107 0.05480710466 0.107 0.0469061873274
26 76 0.151 0.156186655886 0.151 0.0702440876563
76 46 0.149 0.0968673913043 0.149 0.069624023593
51 16 0.104 0.0600525751073 0.104 0.0328804470818
61 51 0.11 0.0123084677419 0.11 0.0221396192203
56 66 0.101 0.0257115117892 0.101 0.0246689059001
21 66 0.121 0.0916259612456 0.121 0.0633892472565
46 86 0.168 0.0916157332521 0.168 0.0671457977352
46 76 0.168 0.0436028591829 0.168 0.065814226034
91 31 0.155 0.0829628953479 0.155 0.0720650434178
36 6 0.099 0.0926167523767 0.099 0.0448102472515
81 61 0.112 0.128308467742 0.112 0.026019211057
21 26 0.097 0.0492292960663 0.097 0.0276254265343
6 56 0.116 0.0490648707235 0.116 0.0622416058561
61 6 0.093 0.0676382699869 0.093 0.0339350785243
26 11 0.1 0.0324263038549 0.1 0.0357766497462
6 6 0.06 0.0187344870538 0.06 0.027959862486
31 31 0.101 0.114663461538 0.101 0.0247464327471
81 41 0.147 0.046723634902 0.147 0.0659976507742
91 76 0.11 0.0123708206687 0.11 0.0222404371585
46 66 0.164 0.090432671883 0.164 0.0668556638287
81 21 0.104 0.0121772151899 0.104 0.0218016997167
76 21 0.108 0.0123333333333 0.108 0.0221385041551
66 56 0.111 0.0446916329285 0.111 0.024160200182
36 56 0.103 0.111003211991 0.103 0.0253771269786
36 51 0.103 0.110964781217 0.103 0.0253157058164
66 6 0.092 0.0673304390737 0.092 0.0326397052141
21 76 0.125 0.0947213816236 0.125 0.06794030231
96 71 0.111 0.0124078549849 0.111 0.0223206521739
21 36 0.12 0.0639007172773 0.12 0.0571494850766
41 56 0.101 0.110803437164 0.101 0.0250127981667
76 26 0.117 0.0297302707122 0.117 0.0400417319749
16 21 0.085 0.0422994352992 0.085 0.0321681300006
1 46 0.13 0.284338450723 0.13 0.117960100333
91 16 0.106 0.0762884615385 0.106 0.0348970990074
41 41 0.1 0.0592278548559 0.1 0.0229301369324
26 41 0.085 0.0160033125834 0.085 0.0225291903647
31 26 0.121 0.0329928634168 0.121 0.0436774107441
86 26 0.118 0.0294296567703 0.118 0.0400036593948
66 96 0.112 0.0608708206687 0.112 0.0260820213169
96 81 0.111 0.0124078549849 0.111 0.0223206521739
71 31 0.173 0.142371435171 0.173 0.0742430601392
16 41 0.096 0.0480290354396 0.096 0.0328461124169
11 51 0.107 0.0558215488891 0.107 0.0467863427377
66 26 0.119 0.0301451432728 0.119 0.0412629444791
56 76 0.098 0.0207955789691 0.098 0.0239193069388
31 41 0.102 0.0248732005522 0.102 0.0261476903219
56 61 0.098 0.0204133940053 0.098 0.0239517663376
1 81 0.139 0.145029149259 0.139 0.0658034957099
71 76 0.161 0.0435437665782 0.161 0.0665792030979
16 46 0.095 0.0485199845125 0.095 0.0326829483886
21 6 0.098 0.0538307677707 0.098 0.053247803102
41 86 0.101 0.110867170626 0.101 0.0251144959995
56 86 0.097 0.0199846183152 0.097 0.0238290364583
36 16 0.107 0.0602088607595 0.107 0.0331974070388
56 96 0.1 0.023210029348 0.1 0.0244644961872
1 11 0.349 0.398042293281 0.349 0.32960462475
6 26 0.137 0.106352014404 0.137 0.0787886598571
36 96 0.1 0.0593415948276 0.1 0.0231117946479
16 26 0.092 0.0250406706775 0.092 0.0278801824543
1 41 0.156 0.0636688615029 0.156 0.0813711312924
31 21 0.082 0.0167916922727 0.082 0.0213544898419
81 26 0.118 0.0301546484445 0.118 0.0407221539749
81 6 0.096 0.0948919899315 0.096 0.0377547703176
26 66 0.154 0.163867965368 0.154 0.0754858825529
36 76 0.103 0.0938237076649 0.103 0.0253381055757
81 71 0.114 0.104108299595 0.114 0.0298825764196
16 11 0.119 0.0578144586895 0.119 0.0539904564782
66 71 0.113 0.0851208206687 0.113 0.0280028133961
36 21 0.099 0.0157133404864 0.099 0.0224623661878
16 6 0.13 0.178595235309 0.13 0.0800497969168
46 61 0.166 0.0918526179667 0.166 0.0685555623808
6 61 0.118 0.0682754134961 0.118 0.0650526537822
41 76 0.101 0.0593843683084 0.101 0.0232027820254
56 56 0.099 0.020966853408 0.099 0.0242152492958
91 21 0.098 0.0711554374631 0.098 0.0272774067432
91 66 0.11 0.0123458038423 0.11 0.0222
6 51 0.116 0.0492976058172 0.116 0.0625278767187
11 16 0.104 0.0407119097988 0.104 0.0463196748888
41 1 0.16 0.368818945648 0.16 0.14305780109
41 46 0.102 0.201821086262 0.102 0.0251011904762
1 66 0.134 0.214479387437 0.134 0.0765723882818
96 6 0.093 0.0798022218522 0.093 0.032661128649
41 6 0.098 0.100372296315 0.098 0.0415580113472
96 11 0.11 0.0221810408374 0.11 0.0255225806452
56 16 0.106 0.0601780021254 0.106 0.0331258692152
26 26 0.089 0.0108679867987 0.089 0.0193705882353
76 91 0.142 0.0455546862735 0.142 0.0636020400729
81 16 0.105 0.0600970149254 0.105 0.0329739863791
86 86 0.093 0.0497318181818 0.093 0.0233227621483
