46 96 0.896 0.91093065032 0.896 0.898561874801
81 96 0.896 0.91188208113 0.896 0.898770275185
36 26 0.889 0.905207911111 0.889 0.891531142533
6 36 0.878 0.891921059189 0.878 0.879906703937
21 96 0.897 0.910267551251 0.897 0.898989626206
31 96 0.899 0.912650801141 0.899 0.901206856673
16 36 0.891 0.905109356453 0.891 0.893024585603
16 96 0.893 0.909445181821 0.893 0.895486236528
41 96 0.899 0.912168076829 0.899 0.901119923546
61 26 0.892 0.90671592056 0.892 0.894274928262
91 26 0.897 0.910016292734 0.897 0.899222340913
91 96 0.896 0.910383070095 0.896 0.898247338796
26 96 0.892 0.908055141645 0.892 0.894534728835
56 26 0.893 0.908294952614 0.893 0.895604405264
46 26 0.893 0.90772902942 0.893 0.895371279764
71 96 0.892 0.907935591143 0.892 0.89461128396
51 26 0.889 0.904007585031 0.889 0.891478741584
41 26 0.894 0.907630352079 0.894 0.896107806788
71 26 0.891 0.90565014706 0.891 0.893455687865
51 96 0.89 0.904488023113 0.89 0.892320446744
96 26 0.891 0.905304033672 0.891 0.893389138072
96 96 0.896 0.909920275108 0.896 0.898227092549
76 96 0.898 0.912586731439 0.898 0.900437489981
86 96 0.897 0.911576258994 0.897 0.899511225582
61 96 0.896 0.909872871139 0.896 0.898200822105
11 96 0.897 0.910984439771 0.897 0.899400453139
6 96 0.878 0.89133838166 0.878 0.879784275305
26 36 0.898 0.910460596946 0.898 0.900139154238
11 36 0.891 0.907049043922 0.891 0.89383208352
21 36 0.897 0.911393088197 0.897 0.899430697805
76 26 0.891 0.906027128223 0.891 0.893462535005
1 46 0.555 0.557654019991 0.555 0.540157004625
31 26 0.896 0.911523513506 0.896 0.898800322527
86 26 0.893 0.907496541548 0.893 0.895443873801
66 96 0.893 0.909306273506 0.893 0.895644178535
66 26 0.895 0.910115221 0.895 0.897578059683
56 96 0.898 0.912145703225 0.898 0.900384205567
36 96 0.893 0.907410651633 0.893 0.89544985931
81 26 0.893 0.907357682224 0.893 0.895452067138
