46 96 0.179 0.0789952009082 0.179 0.0960604699107
81 96 0.099 0.0405007024331 0.099 0.0482059303672
36 26 0.122 0.0321239037813 0.122 0.0425974161679
6 36 0.124 0.122989995281 0.124 0.0771458844419
21 96 0.113 0.0989546477083 0.113 0.0596381436031
31 96 0.109 0.0485097279697 0.109 0.045608995543
16 36 0.075 0.0562246917157 0.075 0.0397868985107
16 96 0.088 0.050421617172 0.088 0.0347432127199
41 96 0.109 0.0474425990676 0.109 0.044579164057
61 26 0.12 0.0301595644382 0.12 0.0410408135593
91 26 0.116 0.0351499405672 0.116 0.0407397236861
91 96 0.102 0.0444418687975 0.102 0.0525480439464
26 96 0.137 0.091686109059 0.137 0.0789871542663
56 26 0.12 0.0303114400247 0.12 0.0411473252501
46 26 0.072 0.0221824261852 0.072 0.0224525407004
71 96 0.174 0.0811182764304 0.174 0.100707346787
51 26 0.118 0.0292285019028 0.118 0.039293868159
41 26 0.122 0.0319569215008 0.122 0.0428372187585
71 26 0.157 0.0848593365745 0.157 0.0863903942125
51 96 0.1 0.0425119437939 0.1 0.0516220839639
96 26 0.117 0.0353030587299 0.117 0.0410082654083
96 96 0.135 0.0472141172329 0.135 0.0565982142857
76 96 0.162 0.104567608716 0.162 0.103978797607
86 96 0.101 0.0442950209792 0.101 0.0528532673923
61 96 0.102 0.0434619815889 0.102 0.0522390667602
11 96 0.099 0.0486674804537 0.099 0.0417364019785
6 96 0.145 0.134705033874 0.145 0.0922796865642
26 36 0.053 0.0144771971335 0.053 0.0172841323391
11 36 0.1 0.0541191117261 0.1 0.0433932390276
21 36 0.113 0.0790362044818 0.113 0.0582469639258
76 26 0.118 0.0296125223614 0.118 0.039726375213
1 46 0.113 0.301241369795 0.113 0.0936185431174
31 26 0.121 0.0326666844293 0.121 0.0431530864198
86 26 0.118 0.0292140491088 0.118 0.0395179641233
66 96 0.137 0.0657174015993 0.137 0.062129010989
66 26 0.12 0.0298618149011 0.12 0.0408299607369
56 96 0.102 0.0496081360947 0.102 0.0453982914143
36 96 0.104 0.0469437012263 0.104 0.0448899282536
81 26 0.119 0.030048635575 0.119 0.0404278001888
