46 96 0.928 0.93247917232 0.928 0.92862078911
81 96 0.925 0.928926036217 0.925 0.925595533792
36 26 0.925 0.929438643603 0.925 0.925689106327
6 36 0.906 0.911349483614 0.906 0.906636975678
21 96 0.924 0.928836196389 0.924 0.924717444158
31 96 0.926 0.930321294687 0.926 0.92671968691
16 36 0.92 0.924559138787 0.92 0.920619900809
16 96 0.927 0.931487872323 0.927 0.927606888193
41 96 0.925 0.929105308474 0.925 0.925605100775
61 26 0.926 0.930528714791 0.926 0.926645048527
91 26 0.929 0.933183755416 0.929 0.929634436512
91 96 0.926 0.929980976737 0.926 0.926631411342
26 96 0.925 0.930323258408 0.925 0.925857224101
56 26 0.929 0.932726332027 0.929 0.929583370841
46 26 0.927 0.931628173364 0.927 0.927686257213
71 96 0.925 0.929103640602 0.925 0.925633792065
51 26 0.927 0.931491984347 0.927 0.927603421741
41 26 0.924 0.928463683824 0.924 0.924653241802
71 26 0.927 0.931183376808 0.927 0.92762953931
51 96 0.926 0.93009642717 0.926 0.92656813553
96 26 0.925 0.92945490911 0.925 0.925618092505
96 96 0.923 0.926970896148 0.923 0.923590681309
76 96 0.925 0.928873770782 0.925 0.925577873382
86 96 0.925 0.928926036217 0.925 0.925595533792
61 96 0.927 0.931773091753 0.927 0.927784406037
11 96 0.921 0.926061877823 0.921 0.92161667268
6 96 0.909 0.913693125461 0.909 0.909506710846
26 36 0.921 0.925288050794 0.921 0.921566495507
11 36 0.917 0.922080936518 0.917 0.917545509675
21 36 0.924 0.928695879216 0.924 0.924630213662
76 26 0.926 0.931038563162 0.926 0.92666436186
1 46 0.506 0.499458985998 0.506 0.50021766004
31 26 0.931 0.935315255132 0.931 0.93167158886
86 26 0.925 0.928968392119 0.925 0.925590235341
66 96 0.925 0.928629146397 0.925 0.925512263823
66 26 0.925 0.93031123565 0.925 0.925838272428
56 96 0.929 0.932905661108 0.929 0.929560041363
36 96 0.923 0.927517295383 0.923 0.923728272211
81 26 0.929 0.934743816465 0.929 0.92991488008
