46 96 0.112 0.037798465981 0.112 0.0473364850585
81 96 0.109 0.0595769987962 0.109 0.0425977313673
36 26 0.11 0.167037785424 0.11 0.0504107536132
6 36 0.148 0.0691780068289 0.148 0.08597046675
21 96 0.109 0.0768299817341 0.109 0.0532742413432
31 96 0.093 0.179646966064 0.093 0.0409129401689
16 36 0.123 0.113922854811 0.123 0.051550535746
16 96 0.13 0.11100377557 0.13 0.0556601873873
41 96 0.093 0.168410666978 0.093 0.0389830396944
61 26 0.11 0.239639945977 0.11 0.0495639239774
91 26 0.118 0.145123980309 0.118 0.0493583886801
91 96 0.111 0.0705006263355 0.111 0.0475721328117
26 96 0.112 0.127442828834 0.112 0.0637125546861
56 26 0.105 0.218082058368 0.105 0.0469262785847
46 26 0.092 0.0432312756979 0.092 0.033370538549
71 96 0.124 0.102469430595 0.124 0.0654961827653
51 26 0.109 0.210218738471 0.109 0.0496178661374
41 26 0.104 0.157077734241 0.104 0.0447371537707
71 26 0.121 0.10513218004 0.121 0.0570787995648
51 96 0.117 0.0729264199571 0.117 0.0541112362379
96 26 0.118 0.148091746147 0.118 0.0493167073622
96 96 0.104 0.0233739224138 0.104 0.0309168619283
76 96 0.112 0.0824899960261 0.112 0.0446677882608
86 96 0.117 0.0895188143337 0.117 0.054735367109
61 96 0.109 0.0613448119738 0.109 0.0467090104906
11 96 0.122 0.0996583823297 0.122 0.0432643130975
6 96 0.133 0.110737533633 0.133 0.0729299565171
26 36 0.108 0.198645576213 0.108 0.0601300779366
11 36 0.124 0.0615221116584 0.124 0.0457518382733
21 36 0.106 0.0646898424415 0.106 0.0475369436782
76 26 0.107 0.0990203881912 0.107 0.0436660324306
1 46 0.121 0.201617972732 0.121 0.0680491460287
31 26 0.11 0.119549877018 0.11 0.0494492376309
86 26 0.104 0.237455078637 0.104 0.0447546531377
66 96 0.098 0.0711950177067 0.098 0.0327178688439
66 26 0.112 0.243532845113 0.112 0.0503781212647
56 96 0.093 0.0831106447873 0.093 0.0386588746485
36 96 0.097 0.19911283348 0.097 0.0461738575081
81 26 0.106 0.0980081317309 0.106 0.0432183628821
