26 21 0.909 0.920351630529 0.909 0.910791665539
41 71 0.918 0.926448468044 0.918 0.919467060276
21 16 0.919 0.930141524132 0.919 0.92082303806
86 71 0.92 0.927872372679 0.92 0.921254296479
36 81 0.917 0.926552059448 0.917 0.918537507378
81 91 0.919 0.927084386368 0.919 0.920407497388
51 41 0.923 0.929746391124 0.923 0.923939638733
86 41 0.92 0.928010662294 0.92 0.921253863948
16 51 0.914 0.922812431216 0.914 0.915306985474
76 76 0.925 0.933035898519 0.925 0.92628754791
76 41 0.923 0.930733150656 0.923 0.924186195719
96 86 0.923 0.930806638858 0.923 0.924169416398
26 71 0.919 0.926736013324 0.919 0.920325340581
81 36 0.915 0.923942127052 0.915 0.916428262569
6 81 0.902 0.911875077935 0.902 0.903541782713
21 91 0.917 0.925925416111 0.917 0.918564070273
86 11 0.909 0.918068133732 0.909 0.910376899483
56 41 0.921 0.929282969144 0.921 0.922420414882
11 21 0.904 0.912194891457 0.904 0.905003180537
46 96 0.925 0.93234389436 0.925 0.926100936308
16 31 0.911 0.921335297368 0.911 0.912468121627
51 46 0.923 0.930868551263 0.923 0.924350148065
66 1 0.445 0.444831405884 0.445 0.429018431086
86 76 0.921 0.928935916042 0.921 0.922196218664
31 36 0.918 0.925688494562 0.918 0.919277689881
41 21 0.922 0.929475854613 0.922 0.923225229895
91 41 0.921 0.929367069041 0.921 0.922332120166
41 11 0.905 0.913944282265 0.905 0.906351265546
51 71 0.923 0.929947257385 0.923 0.924078235377
96 41 0.923 0.930809957044 0.923 0.924215253629
31 76 0.921 0.928805125161 0.921 0.922191953318
36 66 0.917 0.925644559974 0.917 0.918267319389
31 61 0.921 0.929716502064 0.921 0.922455181746
26 81 0.917 0.926372795936 0.917 0.918402718525
76 31 0.921 0.928547566602 0.921 0.92216124746
56 91 0.919 0.927388997987 0.919 0.920483210589
6 16 0.895 0.905844248556 0.895 0.896852182631
46 51 0.923 0.930260951843 0.923 0.924072337882
81 31 0.918 0.926129013393 0.918 0.919357630451
76 71 0.918 0.926071692351 0.918 0.919255757614
61 91 0.921 0.930106125516 0.921 0.922555808687
66 11 0.91 0.919540612414 0.91 0.911398443801
31 16 0.921 0.9295444905 0.921 0.922264260067
91 51 0.921 0.930232835631 0.921 0.922543030693
81 46 0.916 0.924598561401 0.916 0.917494991163
51 61 0.919 0.927850480719 0.919 0.920409644059
11 6 0.874 0.884703112066 0.874 0.875355813302
81 96 0.918 0.925712148978 0.918 0.919298653631
66 31 0.92 0.928996643532 0.92 0.921580903127
86 1 0.408 0.407878308481 0.408 0.396289180343
66 86 0.921 0.929530584825 0.921 0.922490487455
6 41 0.898 0.907227417433 0.898 0.899321985919
11 76 0.91 0.918983023732 0.91 0.911305097666
26 16 0.925 0.932089040692 0.925 0.925927914784
46 56 0.922 0.930176400378 0.922 0.923262468256
16 81 0.918 0.927142429826 0.918 0.919447330261
11 66 0.906 0.915527284196 0.906 0.907327967861
86 61 0.92 0.928352220579 0.92 0.921269327407
51 86 0.922 0.928890524219 0.922 0.923121860531
36 41 0.925 0.932364307956 0.925 0.926004329625
66 46 0.916 0.924600545896 0.916 0.917448318195
71 66 0.916 0.924662713724 0.916 0.917327537156
91 86 0.921 0.928373570526 0.921 0.922208256941
61 31 0.922 0.929639045922 0.922 0.923247458578
76 36 0.921 0.929074387754 0.921 0.922224092468
66 36 0.917 0.926483383033 0.917 0.918630626942
86 16 0.915 0.92444886473 0.915 0.916433429058
41 66 0.915 0.923772501716 0.915 0.916481554527
86 21 0.917 0.925853446068 0.917 0.918451604088
6 11 0.884 0.893326081603 0.884 0.885082189452
81 1 0.422 0.426810623117 0.422 0.410244981194
36 26 0.921 0.929784281039 0.921 0.922494874894
1 6 0.341 0.316589670198 0.341 0.308321495823
6 66 0.898 0.905555721207 0.898 0.898994961488
16 1 0.378 0.381107406528 0.378 0.368990700086
6 86 0.904 0.911230214493 0.904 0.904848252634
66 91 0.917 0.926117225929 0.917 0.918579692827
61 36 0.921 0.929479132032 0.921 0.922365443134
6 36 0.897 0.906245504198 0.897 0.898305922816
51 51 0.918 0.927061649753 0.918 0.919508686014
66 51 0.919 0.928276329639 0.919 0.920511385353
21 96 0.915 0.923165234091 0.915 0.916339860931
76 86 0.922 0.929688828563 0.922 0.923173015495
91 81 0.92 0.928943582028 0.92 0.921427572403
21 46 0.916 0.924733174953 0.916 0.917463039428
56 46 0.917 0.92546304476 0.917 0.918525299955
96 31 0.918 0.925975934349 0.918 0.919258150936
51 11 0.905 0.915086758014 0.905 0.906490900137
36 86 0.914 0.923494947002 0.914 0.915614466491
31 96 0.921 0.928003358567 0.921 0.92213997518
46 11 0.908 0.917134606417 0.908 0.909458718261
91 91 0.919 0.927517072503 0.919 0.920401976788
56 6 0.882 0.890552876411 0.882 0.883074611563
71 81 0.917 0.926476006917 0.917 0.918506836063
16 36 0.913 0.924356985453 0.913 0.915055311977
46 1 0.437 0.439400903995 0.437 0.420865903807
46 91 0.924 0.932016067187 0.924 0.925280481715
16 91 0.911 0.92105178537 0.911 0.912618623966
46 31 0.922 0.929751559936 0.922 0.923305912766
36 91 0.922 0.930969637811 0.922 0.923440040736
41 16 0.923 0.932191168867 0.923 0.924490102422
41 51 0.911 0.919988613618 0.911 0.912383787646
36 61 0.918 0.926927863881 0.918 0.919350461421
46 21 0.919 0.928762463737 0.919 0.920746901055
31 86 0.923 0.929581064999 0.923 0.924066048263
26 91 0.919 0.927074000562 0.919 0.920314795141
16 96 0.918 0.927150940458 0.918 0.919436641237
26 56 0.922 0.929993903567 0.922 0.923284295559
81 51 0.919 0.928775443318 0.919 0.920620635402
41 96 0.918 0.925949326835 0.918 0.919370675372
31 11 0.901 0.909481608132 0.901 0.901938696283
56 71 0.92 0.92800130811 0.92 0.921271179691
56 21 0.92 0.928941380676 0.92 0.921520300372
26 61 0.916 0.925665001931 0.916 0.917526156868
1 96 0.523 0.517847793977 0.523 0.50957782729
31 6 0.883 0.892202709971 0.883 0.884091235205
91 36 0.921 0.929121098176 0.921 0.9223919379
71 41 0.921 0.928475987451 0.921 0.92216483349
1 76 0.51 0.506052754528 0.51 0.495307719404
96 61 0.92 0.928203061272 0.92 0.921204425163
1 36 0.516 0.515364123054 0.516 0.501826582967
41 31 0.914 0.922885662339 0.914 0.915518312981
11 71 0.915 0.923508052254 0.915 0.916136288163
1 51 0.523 0.521664615201 0.523 0.509141536147
61 26 0.921 0.929195992694 0.921 0.922339769712
21 31 0.915 0.923637775669 0.915 0.916318586386
26 1 0.406 0.401909097577 0.406 0.384148433993
91 26 0.924 0.932347429889 0.924 0.925443462572
61 1 0.432 0.446941251298 0.432 0.421720852881
86 6 0.889 0.898099706412 0.889 0.890240458148
51 6 0.877 0.887943409587 0.877 0.878441172097
31 66 0.918 0.925829889596 0.918 0.919145991115
6 1 0.351 0.322611520033 0.351 0.319796996948
16 86 0.921 0.929463501494 0.921 0.922314615109
91 96 0.92 0.928014694824 0.92 0.921313070027
6 21 0.899 0.905833884627 0.899 0.899789854885
26 96 0.914 0.923164716093 0.914 0.915325643241
86 31 0.917 0.924825706805 0.917 0.918259093666
61 41 0.924 0.932302991004 0.924 0.925321502487
76 11 0.91 0.919370328387 0.91 0.911442114115
31 81 0.921 0.928944262308 0.921 0.922211725772
51 56 0.921 0.929958576632 0.921 0.922430195478
51 36 0.919 0.926955911117 0.919 0.920279873942
56 81 0.919 0.928873225867 0.919 0.920691483266
71 86 0.915 0.923707021689 0.915 0.916464424189
56 26 0.922 0.930606648061 0.922 0.923543203562
31 91 0.923 0.930620919955 0.923 0.924220869288
91 61 0.921 0.929613992612 0.921 0.922418226808
76 61 0.92 0.927529294766 0.92 0.921080103022
26 51 0.917 0.926960624801 0.917 0.918822368818
86 81 0.919 0.927614904142 0.919 0.920313898592
46 16 0.92 0.927538960686 0.92 0.921059098166
96 91 0.921 0.929411600066 0.921 0.922318067151
91 1 0.414 0.424467448908 0.414 0.403708422687
86 56 0.921 0.930051558309 0.921 0.922459965395
86 36 0.922 0.928836734231 0.922 0.922932353449
96 1 0.429 0.436600061134 0.429 0.417694775833
21 51 0.91 0.920150227869 0.91 0.911735381563
1 91 0.521 0.518523997772 0.521 0.508263016602
46 26 0.917 0.926428607783 0.917 0.918661583812
16 76 0.917 0.925729313192 0.917 0.918349211347
71 36 0.918 0.926208672565 0.918 0.919421216002
96 21 0.924 0.932311539902 0.924 0.925352446555
41 61 0.915 0.923716010123 0.915 0.916397672961
71 96 0.917 0.925893955189 0.917 0.918502920412
56 1 0.421 0.422167638041 0.421 0.410364934678
61 16 0.915 0.924251803262 0.915 0.916371454035
71 56 0.918 0.92753161104 0.918 0.919455623558
56 11 0.906 0.915642578053 0.906 0.907571178933
21 61 0.914 0.923815375635 0.914 0.91569691552
96 36 0.92 0.927533000471 0.92 0.921231816968
51 26 0.927 0.935170592999 0.927 0.92833640233
46 71 0.922 0.92921997526 0.922 0.923103880368
71 21 0.921 0.929132590928 0.921 0.922287507385
41 26 0.923 0.930704153469 0.923 0.924208318041
51 31 0.915 0.923337446506 0.915 0.916368139127
66 81 0.915 0.92448181476 0.915 0.916635752172
81 56 0.919 0.927912342917 0.919 0.920400812733
1 1 0.092 0.0178022323433 0.092 0.0298019480972
61 11 0.905 0.913633754277 0.905 0.906242608817
86 46 0.92 0.928304228057 0.92 0.921430602056
61 86 0.918 0.925558974797 0.918 0.919052792649
51 21 0.918 0.926384581849 0.918 0.919383161333
21 1 0.406 0.408476683125 0.406 0.391425926742
31 71 0.92 0.927201954886 0.92 0.921116994215
76 81 0.918 0.926834794283 0.918 0.919317909247
71 6 0.886 0.894134795175 0.886 0.887022976065
81 81 0.919 0.927652388689 0.919 0.920471808888
71 91 0.921 0.929779498164 0.921 0.92250918711
21 56 0.92 0.927959944475 0.92 0.921324054899
71 26 0.919 0.927435174177 0.919 0.920390382671
51 96 0.919 0.927075363521 0.919 0.920295921747
71 61 0.916 0.925286164175 0.916 0.917503493244
66 66 0.919 0.928865285244 0.919 0.920663868469
51 66 0.922 0.930457753765 0.922 0.923364225025
46 36 0.919 0.928191433612 0.919 0.920461633685
96 51 0.919 0.927729318519 0.919 0.920355746657
81 66 0.922 0.929822414351 0.922 0.923182574709
86 91 0.921 0.929368703683 0.921 0.922371665053
46 41 0.927 0.934499471101 0.927 0.9282409685
81 11 0.904 0.914871546609 0.904 0.905699627171
36 36 0.921 0.929426350062 0.921 0.922263954718
16 71 0.915 0.925082408253 0.915 0.916694392727
11 26 0.911 0.918466122746 0.911 0.911811742952
76 16 0.923 0.930934897058 0.923 0.924132402113
41 36 0.917 0.925568868704 0.917 0.918424853242
31 1 0.413 0.428640934315 0.413 0.405276579339
51 91 0.921 0.929236527186 0.921 0.922337116609
31 51 0.919 0.92667074451 0.919 0.920173006667
66 76 0.92 0.928444591675 0.92 0.921290750322
76 6 0.886 0.894648413992 0.886 0.887224078026
21 81 0.916 0.925355444478 0.916 0.917579431661
1 16 0.47 0.475494275606 0.47 0.456572807143
71 16 0.919 0.927330004667 0.919 0.920247172956
26 6 0.884 0.893153740355 0.884 0.885369244656
56 31 0.921 0.929158156398 0.921 0.922441791658
91 56 0.921 0.929719900246 0.921 0.9223651975
41 81 0.915 0.9240029415 0.915 0.916549619899
96 66 0.922 0.92940905998 0.922 0.923076596796
66 16 0.915 0.925826181361 0.915 0.916783431226
6 91 0.9 0.908691231655 0.9 0.901144263528
76 56 0.924 0.932474634906 0.924 0.925355305812
6 71 0.908 0.91476776003 0.908 0.908904500619
21 11 0.902 0.911662787591 0.902 0.903342877513
26 86 0.921 0.92841289899 0.921 0.922129472278
96 26 0.923 0.931388186306 0.923 0.924412032297
36 1 0.422 0.438354262715 0.422 0.410371866616
66 41 0.923 0.931505958657 0.923 0.924348486338
21 21 0.918 0.926102612746 0.918 0.919283091971
46 81 0.921 0.929277995034 0.921 0.92232973614
96 96 0.92 0.928270955315 0.92 0.921331898451
26 46 0.918 0.926781922773 0.918 0.919532721292
46 6 0.892 0.900636975241 0.892 0.893343676545
36 31 0.918 0.92694496915 0.918 0.919607633607
46 46 0.921 0.928836328552 0.921 0.922277627817
11 86 0.911 0.919550256241 0.911 0.911992252569
26 31 0.917 0.92537424186 0.917 0.918374427631
11 1 0.375 0.381085619768 0.375 0.359246505841
21 71 0.913 0.922033111325 0.913 0.914553448135
16 16 0.914 0.923923479166 0.914 0.9156879023
91 6 0.884 0.892714077776 0.884 0.88527544519
1 71 0.519 0.520215316265 0.519 0.503720816382
71 71 0.917 0.925730198789 0.917 0.918441643909
11 41 0.909 0.919331626516 0.909 0.910298836626
76 96 0.924 0.931341059735 0.924 0.925058637149
56 51 0.918 0.928028133578 0.918 0.919705298471
86 96 0.918 0.926405335474 0.918 0.919328203471
16 56 0.917 0.92717331128 0.917 0.918725152931
36 71 0.916 0.925772130133 0.916 0.91764656469
71 1 0.433 0.433566554357 0.433 0.419692560493
61 96 0.918 0.926024780378 0.918 0.919247726236
31 56 0.92 0.927864318958 0.92 0.921189587289
11 61 0.914 0.922433183941 0.914 0.915269965568
1 31 0.506 0.504569618785 0.506 0.491395035166
96 76 0.924 0.931208711718 0.924 0.925069325916
16 61 0.917 0.926318579522 0.917 0.918531098648
96 16 0.921 0.929574900054 0.921 0.922299761751
1 21 0.49 0.484124929691 0.49 0.475701821362
16 66 0.917 0.926204779787 0.917 0.918452280668
1 61 0.512 0.512500025654 0.512 0.497615362833
71 46 0.918 0.927871265593 0.918 0.919750894256
6 31 0.904 0.911124025768 0.904 0.904984232093
51 1 0.425 0.425150661907 0.425 0.412185204823
61 21 0.922 0.930522624164 0.922 0.923306001654
61 56 0.921 0.930423691215 0.921 0.922548616775
51 81 0.922 0.929789841913 0.922 0.923216928414
61 76 0.921 0.929287384139 0.921 0.92231985975
61 71 0.922 0.930401532048 0.922 0.923350159912
91 46 0.918 0.926924733388 0.918 0.919556023627
41 91 0.915 0.923560747828 0.915 0.916404803598
36 11 0.905 0.914099805659 0.905 0.906176243772
61 81 0.922 0.930758208232 0.922 0.923395612492
6 76 0.905 0.912558797072 0.905 0.906044645602
11 96 0.911 0.919826976114 0.911 0.91214517328
21 41 0.923 0.932556850155 0.923 0.924717399112
66 21 0.92 0.927348568817 0.92 0.921181593201
71 11 0.904 0.913971761746 0.904 0.905658820391
31 46 0.92 0.928417666003 0.92 0.921474125061
36 46 0.919 0.928021470178 0.919 0.920533569935
11 11 0.895 0.9061244303 0.895 0.896455141141
6 46 0.905 0.912095698754 0.905 0.905975229951
1 86 0.512 0.510782097394 0.512 0.498853744766
61 61 0.919 0.927851355634 0.919 0.920429788207
11 81 0.91 0.918620934025 0.91 0.911133333816
86 51 0.921 0.928876588154 0.921 0.922189790724
6 96 0.905 0.913470142734 0.905 0.906148236626
86 66 0.921 0.928746533031 0.921 0.922156204877
91 11 0.908 0.918354948055 0.908 0.909694942488
76 1 0.409 0.408275549052 0.409 0.394614450153
81 76 0.923 0.930523294309 0.923 0.924103420161
1 56 0.497 0.499583697785 0.497 0.484114863558
11 56 0.911 0.919165647261 0.911 0.912107159888
1 26 0.492 0.490178629111 0.492 0.477964125411
56 36 0.917 0.925732392798 0.917 0.918554175689
96 46 0.917 0.926062634715 0.917 0.918531452694
91 71 0.919 0.927941709864 0.919 0.920542480418
66 61 0.918 0.927826456992 0.918 0.91969588804
76 66 0.922 0.929379548329 0.922 0.923060620893
61 46 0.92 0.928437917788 0.92 0.921389690255
76 51 0.917 0.925497107308 0.917 0.918244375537
71 51 0.916 0.92571199944 0.916 0.917529071541
26 36 0.914 0.922196584385 0.914 0.915336792693
11 36 0.917 0.925696740682 0.917 0.918127414265
11 46 0.91 0.918578815237 0.91 0.911117838762
11 31 0.918 0.925990103645 0.918 0.919083828847
81 86 0.92 0.927026980943 0.92 0.921101650055
51 76 0.922 0.929160252447 0.922 0.923091721731
96 56 0.92 0.929281639035 0.92 0.921523401588
21 86 0.911 0.920884952878 0.911 0.912703459691
61 66 0.92 0.927698716095 0.92 0.921196161329
11 91 0.915 0.923861260551 0.915 0.916219951817
26 76 0.922 0.929439613847 0.922 0.923228805339
76 46 0.919 0.928282733953 0.919 0.920637595813
51 16 0.922 0.930483498319 0.922 0.923192092201
61 51 0.919 0.928237263409 0.919 0.920513654347
56 66 0.921 0.928860619577 0.921 0.922356411272
21 66 0.917 0.925441763328 0.917 0.918328124758
46 86 0.92 0.928101167421 0.92 0.921234712774
46 76 0.926 0.933594735797 0.926 0.927180558241
91 31 0.918 0.926412032668 0.918 0.919396901865
36 6 0.888 0.89799413733 0.888 0.88952234404
81 61 0.919 0.92663353666 0.919 0.920202961527
21 26 0.917 0.927025214723 0.917 0.918691177153
6 56 0.904 0.912568891111 0.904 0.905086038918
61 6 0.883 0.891758388885 0.883 0.884272886022
26 11 0.903 0.913598462223 0.903 0.904719015349
6 6 0.853 0.863469115409 0.853 0.853115475172
31 31 0.922 0.929537879121 0.922 0.923280363318
81 41 0.919 0.926014569909 0.919 0.920028454048
91 76 0.921 0.929334646933 0.921 0.922281275601
46 66 0.923 0.930188582817 0.923 0.924044205941
81 21 0.921 0.92961216746 0.921 0.922496325927
76 21 0.922 0.930438319204 0.922 0.923381700801
66 56 0.918 0.927884603106 0.918 0.919640950258
36 56 0.918 0.927659671277 0.918 0.919409974075
36 51 0.914 0.922835522557 0.914 0.915264124169
66 6 0.886 0.895803251181 0.886 0.887530770951
21 76 0.916 0.925000443078 0.916 0.917549367816
96 71 0.921 0.928637382417 0.921 0.922241279284
21 36 0.918 0.927155149301 0.918 0.919474998094
41 56 0.913 0.922992230649 0.913 0.914710309371
76 26 0.922 0.931277461106 0.922 0.923462043955
16 21 0.906 0.916460738587 0.906 0.907393560211
1 46 0.512 0.505674171381 0.512 0.496129707413
91 16 0.918 0.927325535539 0.918 0.919418140476
41 41 0.918 0.926534491283 0.918 0.919489114778
26 41 0.919 0.925590176584 0.919 0.919929687668
31 26 0.921 0.92956015329 0.921 0.922400470919
86 26 0.92 0.928290222201 0.92 0.921346126421
66 96 0.918 0.926594922307 0.918 0.919521557523
96 81 0.92 0.928364461913 0.92 0.921273487795
71 31 0.92 0.928775298414 0.92 0.921547194174
16 41 0.918 0.926660823149 0.918 0.919348255112
11 51 0.914 0.921858365316 0.914 0.915073447643
66 26 0.921 0.930401492358 0.921 0.922669748813
56 76 0.919 0.928279792339 0.919 0.920565823745
31 41 0.926 0.934053197665 0.926 0.927292492749
56 61 0.914 0.923420063308 0.914 0.915710781883
1 81 0.512 0.506008209172 0.512 0.497732237783
71 76 0.917 0.925053972237 0.917 0.918111819896
16 46 0.916 0.925833184457 0.916 0.917655465678
21 6 0.887 0.895268430462 0.887 0.888097774357
41 86 0.915 0.923846681558 0.915 0.91655674365
56 86 0.919 0.927063920896 0.919 0.920370980485
36 16 0.917 0.926667915415 0.917 0.91839448368
56 96 0.918 0.926437831913 0.918 0.919470346003
1 11 0.467 0.476262704773 0.467 0.449729805555
6 26 0.91 0.917563325558 0.91 0.911220455878
36 96 0.919 0.927616397881 0.919 0.920367636496
16 26 0.916 0.925138504293 0.916 0.917511984235
1 41 0.501 0.49977156955 0.501 0.488244403092
31 21 0.916 0.924847069598 0.916 0.917340412652
81 26 0.92 0.928136677149 0.92 0.921280589523
81 6 0.894 0.902113482327 0.894 0.895220382858
26 66 0.918 0.926048396162 0.918 0.919217644925
36 76 0.921 0.929497869317 0.921 0.922302507054
81 71 0.918 0.926577194895 0.918 0.919372632001
16 11 0.897 0.909511580239 0.897 0.898729981512
66 71 0.918 0.926980525275 0.918 0.919528370745
36 21 0.916 0.924499795233 0.916 0.917237885803
16 6 0.876 0.88546946341 0.876 0.877072508863
46 61 0.926 0.933156340666 0.926 0.927061983138
6 61 0.905 0.913665102463 0.905 0.90640037014
41 76 0.92 0.927843802121 0.92 0.921311688488
56 56 0.922 0.930811310512 0.922 0.923471369006
91 21 0.922 0.9304669674 0.922 0.923445784619
91 66 0.923 0.931072789476 0.923 0.924276477513
6 51 0.908 0.915444336767 0.908 0.908976417579
11 16 0.912 0.921289200214 0.912 0.913464057411
41 1 0.411 0.422287111038 0.411 0.402787431992
41 46 0.917 0.926425728812 0.917 0.918632200126
1 66 0.507 0.506190744408 0.507 0.492717090862
96 6 0.888 0.89746312279 0.888 0.88926747006
41 6 0.882 0.891506275356 0.882 0.883287135797
96 11 0.908 0.917176420089 0.908 0.909347316779
56 16 0.915 0.923963706821 0.915 0.916383110121
26 26 0.919 0.927300826931 0.919 0.920205712627
76 91 0.922 0.930893860445 0.922 0.923429172326
81 16 0.918 0.927212759696 0.918 0.919451720191
86 86 0.92 0.927661785917 0.92 0.921100966076
