46 96 0.145 0.0582546384571 0.145 0.0699437556357
81 96 0.068 0.0109485934501 0.068 0.0180667204735
36 26 0.105 0.0947818224299 0.105 0.0305782076216
6 36 0.142 0.0798993598188 0.142 0.0703352746872
21 96 0.095 0.0287666345721 0.095 0.0304495040519
31 96 0.1 0.0893303534208 0.1 0.0414021217286
16 36 0.101 0.0250782452073 0.101 0.0330069659298
16 96 0.098 0.0344835683086 0.098 0.0331774377176
41 96 0.1 0.0670383936801 0.1 0.0404336005439
61 26 0.104 0.0326218462969 0.104 0.0298298168139
91 26 0.105 0.133624821355 0.105 0.0326745950871
91 96 0.069 0.0124984426806 0.069 0.0201802054155
26 96 0.125 0.0697837951301 0.125 0.0622959446223
56 26 0.103 0.0318431577724 0.103 0.028954240777
46 26 0.065 0.0535407667603 0.065 0.025067073392
71 96 0.14 0.0596805748175 0.14 0.0744090274597
51 26 0.109 0.0909223263076 0.109 0.0376127668336
41 26 0.105 0.0904002726285 0.105 0.0319255403461
71 26 0.137 0.0649107494474 0.137 0.066412762464
51 96 0.068 0.0128993670886 0.068 0.0207314659794
96 26 0.105 0.0367396645022 0.105 0.0309666419115
96 96 0.104 0.0154064910245 0.104 0.0251974154947
76 96 0.127 0.0728673721851 0.127 0.0719823370494
86 96 0.068 0.0126311842919 0.068 0.0203812720485
61 96 0.069 0.012744658555 0.069 0.0205427631579
11 96 0.093 0.0504624731968 0.093 0.0383937784185
6 96 0.159 0.0946084808757 0.159 0.0919244625788
26 36 0.061 0.120828968065 0.061 0.0271326498832
11 36 0.096 0.0609241816561 0.096 0.0428572704372
21 36 0.095 0.0233410493827 0.095 0.0300845410628
76 26 0.104 0.130159163467 0.104 0.0313650732634
1 46 0.135 0.126368738977 0.135 0.0544106399091
31 26 0.102 0.0338715835554 0.102 0.0297895811789
86 26 0.104 0.128887934862 0.104 0.0308197668085
66 96 0.105 0.018365921288 0.105 0.0289326925277
66 26 0.104 0.137129096812 0.104 0.0308906965259
56 96 0.092 0.0376619394848 0.092 0.0263321442893
36 96 0.096 0.0898394223148 0.096 0.0346910912555
81 26 0.104 0.130911012411 0.104 0.0314280124926
