46 96 0.915 0.927205562043 0.915 0.917344994731
81 96 0.913 0.925812271858 0.913 0.915501566034
36 26 0.91 0.922802962837 0.91 0.912331286204
6 36 0.902 0.910445017075 0.902 0.903142146781
21 96 0.913 0.924850149736 0.913 0.915054623006
31 96 0.915 0.926196132939 0.915 0.917051060868
16 36 0.906 0.917966535471 0.906 0.907954516251
16 96 0.909 0.921340079024 0.909 0.910850923769
41 96 0.909 0.921809942932 0.909 0.911617801332
61 26 0.909 0.922124342012 0.909 0.911495614639
91 26 0.912 0.924465963675 0.912 0.914405435061
91 96 0.915 0.927190969488 0.915 0.917269078126
26 96 0.911 0.922835827529 0.911 0.913197207009
56 26 0.913 0.925031831568 0.913 0.915237197731
46 26 0.912 0.925936715147 0.912 0.914789686055
71 96 0.913 0.925781133589 0.913 0.915427803146
51 26 0.909 0.92339310141 0.909 0.911753406902
41 26 0.904 0.917901545511 0.904 0.906398017407
71 26 0.911 0.924875227602 0.911 0.913562572992
51 96 0.914 0.926368432352 0.914 0.916317337109
96 26 0.912 0.924595611819 0.912 0.914357225975
96 96 0.915 0.926917378868 0.915 0.917275745773
76 96 0.913 0.924591495395 0.913 0.915211549775
86 96 0.916 0.928429457857 0.916 0.918458593612
61 96 0.916 0.928116596011 0.916 0.91832908932
11 96 0.911 0.921354385554 0.911 0.912758308317
6 96 0.896 0.907050052962 0.896 0.897664422168
26 36 0.912 0.922282124908 0.912 0.914025241964
11 36 0.911 0.921099633431 0.911 0.912665369779
21 36 0.91 0.921450869602 0.91 0.912052281049
76 26 0.91 0.923067770941 0.91 0.912479094066
1 46 0.533 0.525638057013 0.533 0.517360543246
31 26 0.913 0.924471748535 0.913 0.914849632096
86 26 0.91 0.923359337985 0.91 0.91251121166
66 96 0.915 0.926538062691 0.915 0.91724874012
66 26 0.912 0.924104099173 0.912 0.914286986442
56 96 0.913 0.924677548665 0.913 0.915166748287
36 96 0.909 0.921430266313 0.909 0.911215330186
81 26 0.91 0.923600032936 0.91 0.912578886807
