46 96 0.888 0.90485716986 0.888 0.890693214924
81 96 0.888 0.903925608739 0.888 0.890561703979
36 26 0.879 0.896386746656 0.879 0.881879162957
6 36 0.869 0.885869184905 0.869 0.871621326492
21 96 0.891 0.907726825906 0.891 0.893704373399
31 96 0.895 0.910894779524 0.895 0.897823248504
16 36 0.882 0.897705037971 0.882 0.884133608533
16 96 0.881 0.898408703438 0.881 0.88364975258
41 96 0.886 0.900830042635 0.886 0.888283211587
61 26 0.88 0.899417170684 0.88 0.883077929662
91 26 0.878 0.896693546715 0.878 0.880946221398
91 96 0.889 0.906337415837 0.889 0.891800962977
26 96 0.883 0.900791914641 0.883 0.885663198955
56 26 0.882 0.900225902716 0.882 0.885066544163
46 26 0.885 0.902161995753 0.885 0.887844228662
71 96 0.886 0.903371491822 0.886 0.888816814247
51 26 0.879 0.899123907988 0.879 0.88238440171
41 26 0.879 0.897376264335 0.879 0.882057409242
71 26 0.879 0.897888126885 0.879 0.882021165004
51 96 0.889 0.904578514313 0.889 0.891375766362
96 26 0.88 0.899499713583 0.88 0.883282888375
96 96 0.885 0.901468986825 0.885 0.887629700102
76 96 0.882 0.898402630208 0.882 0.8844970446
86 96 0.884 0.900276267785 0.884 0.886502534848
61 96 0.886 0.902962723377 0.886 0.888676955407
11 96 0.882 0.899772727955 0.882 0.884759435526
6 96 0.874 0.889099912444 0.874 0.876066874899
26 36 0.883 0.899912073517 0.883 0.885688747474
11 36 0.88 0.897357161998 0.88 0.882893551274
21 36 0.892 0.908145199152 0.892 0.894687168575
76 26 0.885 0.903404307822 0.885 0.887981927554
1 46 0.551 0.550820553107 0.551 0.533909610906
31 26 0.893 0.909064208104 0.893 0.895737192433
86 26 0.883 0.902030997001 0.883 0.886250599524
66 96 0.885 0.902216701418 0.885 0.887758962028
66 26 0.881 0.900438455085 0.881 0.884090188162
56 96 0.889 0.905059489265 0.889 0.891714318281
36 96 0.884 0.89943079395 0.884 0.886391092992
81 26 0.886 0.904649629108 0.886 0.889199734214
