46 96 0.882 0.90022875332 0.882 0.885225881432
81 96 0.877 0.893936345165 0.877 0.879714527793
36 26 0.874 0.892781750225 0.874 0.877172937057
6 36 0.859 0.880112583225 0.859 0.862362811999
21 96 0.882 0.900574624069 0.882 0.885302722545
31 96 0.878 0.89443083979 0.878 0.880532594269
16 36 0.875 0.892289753029 0.875 0.877729062976
16 96 0.871 0.891105657339 0.871 0.874101438247
41 96 0.879 0.897135090777 0.879 0.882167764259
61 26 0.871 0.892415278962 0.871 0.874708140653
91 26 0.876 0.896618734819 0.876 0.879655272623
91 96 0.88 0.898557627005 0.88 0.883347103307
26 96 0.874 0.893790442814 0.874 0.877169225541
56 26 0.877 0.896096698718 0.877 0.880095470747
46 26 0.876 0.895896711048 0.876 0.879267465264
71 96 0.879 0.896674136047 0.879 0.882003245863
51 26 0.874 0.894492221583 0.874 0.877727130783
41 26 0.874 0.894681471084 0.874 0.877547166149
71 26 0.876 0.8961067135 0.876 0.879215668527
51 96 0.879 0.896975195931 0.879 0.882089179008
96 26 0.873 0.892003651961 0.873 0.876086382545
96 96 0.878 0.895496325408 0.878 0.880993166248
76 96 0.876 0.893798552588 0.876 0.878812663913
86 96 0.876 0.894323618702 0.876 0.878994625848
61 96 0.873 0.892131666806 0.873 0.876072740889
11 96 0.875 0.892453867885 0.875 0.877452801137
6 96 0.868 0.885714453534 0.868 0.870788761869
26 36 0.875 0.892342581912 0.875 0.877589980385
11 36 0.874 0.892357886662 0.874 0.876853017441
21 36 0.878 0.896296703402 0.878 0.880932284764
76 26 0.88 0.898721582431 0.88 0.88309722288
1 46 0.552 0.555886674711 0.552 0.533586812712
31 26 0.88 0.897608187796 0.88 0.882874156974
86 26 0.877 0.896087046404 0.877 0.880247648425
66 96 0.878 0.895282868861 0.878 0.88081056114
66 26 0.877 0.897014009243 0.877 0.88056378243
56 96 0.879 0.896925178587 0.879 0.881968172569
36 96 0.874 0.892912216683 0.874 0.877057116922
81 26 0.873 0.893881496435 0.873 0.876582925696
